Initial matrix A =
    0.6837    0.6407    0.7400    0.0862    0.7894
    0.1321    0.3288    0.2348    0.3664    0.3677
    0.7227    0.6538    0.7350    0.3692    0.2060
    0.1104    0.7491    0.9706    0.6850    0.0867
    0.1175    0.5832    0.8669    0.5979    0.7719

Calculated A^{-1} =
   -1.1987   -0.4957    2.7429   -1.8838    0.9413
    3.5340    4.4240   -3.8935    3.7401   -5.1016
   -0.7316   -4.1066    1.1127   -0.4566    2.4583
   -2.6877    0.9870    2.3040   -1.5782    1.8406
    0.4161    0.5807   -0.5103   -0.8036    0.8199

Calculated I =
    1.0000   -0.0000    0.0000   -0.0000   -0.0000
    0.0000    1.0000   -0.0000    0.0000   -0.0000
   -0.0000   -0.0000    1.0000   -0.0000   -0.0000
    0.0000    0.0000   -0.0000    1.0000   -0.0000
   -0.0000   -0.0000    0.0000   -0.0000    1.0000
